SboxE={(0,0,0,0):[1,1,1,0],
       (0,0,0,1):[0,1,0,0],
       (0,0,1,0):[1,1,0,1],
       (0,0,1,1):[0,0,0,1],
       (0,1,0,0):[0,0,1,0],
       (0,1,0,1):[1,1,1,1],
       (0,1,1,0):[1,0,1,1],
       (0,1,1,1):[1,0,0,0],
       (1,0,0,0):[0,0,1,1],
       (1,0,0,1):[1,0,1,0],
       (1,0,1,0):[0,1,1,0],
       (1,0,1,1):[1,1,0,0],
       (1,1,0,0):[0,1,0,1],
       (1,1,0,1):[1,0,0,1],
       (1,1,1,0):[0,0,0,0],
       (1,1,1,1):[0,1,1,1]
       
       }
SboxD={(0,0,0,0):[1,1,1,0],
       (0,0,0,1):[0,0,1,1],
       (0,0,1,0):[0,1,0,0],
       (0,0,1,1):[1,0,0,0],
       (0,1,0,0):[0,0,0,1],
       (0,1,0,1):[1,1,0,0],
       (0,1,1,0):[1,0,1,0],
       (0,1,1,1):[1,1,1,1],
       (1,0,0,0):[0,1,1,1],
       (1,0,0,1):[1,1,0,1],
       (1,0,1,0):[1,0,0,1],
       (1,0,1,1):[0,1,1,0],
       (1,1,0,0):[1,0,1,1],
       (1,1,0,1):[0,0,1,0],
       (1,1,1,0):[0,0,0,0],
       (1,1,1,1):[0,1,0,1]
       
       }
